Sample: FTH200N
Temperature(C): -20
Fluences(1E13cm-2): 1.7	10.0	30.0	150.0	
Neff0(1E11cm-3): 90.149	90.777	88.561	87.382
Sensors: FTH200N_25_DiodeL_8	FTH200N_25_DiodeL_3	FTH200N_25_DiodeL_2	FTH200N_24_DiodeL_8	
######################################################################################################################################
Freq.: 455	455	455	455	455	455	455	455	1000	1000	1000	1000	1000	1000	1000	1000	
Plot: loglog	loglog	loglog	loglog	1C2	1C2	1C2	1C2	loglog	loglog	loglog	loglog	1C2	1C2	1C2	1C2	
######################################################################################################################################
MEASUREMENT : DEPLETION VOLTAGE [V]

10	43.28	10.1	64.42	149.73	42.92	10.8	67.19	150.68	41.5	8.65	56.12	131.69	40.84	8.17	55.96	131.19
20	46.34	9.14	55.57	134.12	46.34	9.44	58.36	140.36	44.26	7.58	48.3	118.97	43.98	7.44	47.85	119.34
40	47.22	8.82	50.41	121.87	47.52	9.76	58.14	130.26	46.2	7.42	42.94	108.04	45.71	7.26	46.25	108.56
80	46.19	8.16	50.22	116.1	45.48	8.64	53.49	123.01	44.26	6.77	42.35	99.61	43.1	6.53	41.63	100.93
156	41.76	15.24	78.63	138.53	40.98	14.5	81.11	149.83	40.25	12.72	68.96	117.05	39.18	10.63	67.79	120.74
312	36.84	29.7	140.4	227.52	35.79	29.67	143.52	246.69	35.71	27.04	129.86	209.62	33.91	25.41	128.64	212.89
624	30.84	54.34	234.89	450.12	29.28	55.09	238.54	461.36	30.15	50.9	227.55	428.12	27.86	50.43	227.5	434.21
1248.0	24.35	77.52	340.61	673.82	23.18	78.89	344.61	673.45	24.27	75.09	330.34	650.58	21.29	75.82	332.96	656.09	
Depletion Voltage Errors:
10	4.72	0.24	20.06	13.95	1.21	0.36	2.17	8.26	1.61	0.67	14.82	12.85	0.52	0.2	2.78	2.35
20	6.04	1.86	10.05	28.03	1.38	0.56	1.75	1.5	0.43	1.22	6.34	22.31	0.18	0.63	1.35	2.88
40	1.04	0.98	6.04	31.88	0.6	0.83	4.26	2.18	6.7	0.78	13.13	14.1	0.48	0.45	2.59	2.68
80	3.07	1.81	1.14	9.18	0.52	0.68	2.26	2.87	2.16	0.67	0.82	20.97	0.21	0.45	0.35	3.07
156	2.22	0.4	2.4	5.03	0.31	0.13	1.38	1.04	1.99	0.43	5.8	8.66	0.07	0.57	1.79	0.94
312	1.23	2.59	4.97	35.15	0.16	0.76	2.29	6.46	1.66	0.98	5.19	36.2	0.3	0.83	2.51	6.21
624	0.38	2.5	7.57	19.85	0.38	1.3	3.18	8.0	0.4	3.58	15.69	30.21	0.5	0.94	1.28	5.1
1248.0	0.25	5.18	31.78	98.7	0.33	2.04	10.03	21.24	0.42	3.48	21.41	37.81	0.25	0.95	4.75	8.79	


MEASUREMENT : DEPLETION CURRENT (0C) [uA]

10	0.07155	0.26048	1.3	3.64	0.07155	0.26048	1.3	3.64	0.07071	0.25777	1.28	3.55	0.07071	0.25378	1.28	3.55
20	0.06848	0.24509	1.17	3.26	0.06848	0.24509	1.17	3.3	0.06848	0.24146	1.16	3.23	0.06848	0.23678	1.16	3.23
40	0.06538	0.24461	1.18	3.2	0.06627	0.24644	1.19	3.24	0.06538	0.23811	1.17	3.16	0.06538	0.23811	1.17	3.16
80	0.05513	0.20917	1.02	2.75	0.05513	0.21127	1.03	2.75	0.05513	0.20631	1.0	2.68	0.05513	0.20631	1.0	2.68
156	0.05024	0.19199	0.92385	2.46	0.05012	0.19144	0.92494	2.48	0.05001	0.1898	0.91577	2.41	0.04981	0.18811	0.91481	2.42
312	0.04749	0.1771	0.86448	2.3	0.04726	0.1771	0.86631	2.32	0.04724	0.17666	0.86035	2.28	0.04673	0.17639	0.86004	2.29
624	0.03875	0.15572	0.78245	2.23	0.03845	0.15588	0.78438	2.24	0.03864	0.155	0.77897	2.21	0.03812	0.1549	0.77895	2.22
1248.0	0.03078	0.1278	0.65641	2.02	0.03056	0.12803	0.6577	2.02	0.03077	0.1274	0.65274	2.0	0.03019	0.12752	0.65368	2.01	
Depletion Current Errors:
0.0	-1	-1	-1	-1	-1	-1	-1	-1	-1	-1	-1	-1	-1	-1	-1	-1	
20.0	-1	-1	-1	-1	-1	-1	-1	-1	-1	-1	-1	-1	-1	-1	-1	-1	
40.0	-1	-1	-1	-1	-1	-1	-1	-1	-1	-1	-1	-1	-1	-1	-1	-1	
80.0	-1	-1	-1	-1	-1	-1	-1	-1	-1	-1	-1	-1	-1	-1	-1	-1	
156.0	-1	-1	-1	-1	-1	-1	-1	-1	-1	-1	-1	-1	-1	-1	-1	-1	
312.0	-1	-1	-1	-1	-1	-1	-1	-1	-1	-1	-1	-1	-1	-1	-1	-1	
624.0	-1	-1	-1	-1	-1	-1	-1	-1	-1	-1	-1	-1	-1	-1	-1	-1	
1248.0	-1	-1	-1	-1	-1	-1	-1	-1	-1	-1	-1	-1	-1	-1	-1	-1	


End